1002 53 M 2 5 4 4 4 4 5 3 57
1004 53 M 2 1 3 2 2 4 1 4 46
1006 48 M 3 5 1 2 2 3 1 1 47
1008 55 M 2 5 3 2 2 4 1 5 49
1010 55 M 2 5 3 2 2 5 1 5 50
1012 43 M 1 5 2 2 2 5 3 4 47
1014 35 F 3 5 4 4 2 3 2 5 63
1016 36 F 3 1 3 4 2 4 1 5 55
1018 43 F 1 5 3 5 5 4 1 5 52
1020 56 M 1 5 4 1 1 5 1 5 44
1022 38 M 1 5 2 2 1 5 3 4 46
1024 39 M 1 3 1 1 1 5 1 5 41
1026 78 F 1 3 3 1 2 5 1 2 38
1028 61 F 2 5 3 3 2 4 2 1 48
1030 62 F 2 5 3 4 2 4 4 3 53
1032 55 M 3 1 3 4 3 5 1 2 53
1034 56 M 3 5 4 5 5 4 1 5 63
1036 67 M 3 1 2 3 2 3 1 3 48
1038 56 F 2 5 2 4 2 3 1 4 49
1040 61 M 1 5 2 2 1 3 1 3 40
1042 58 F 1 1 4 5 4 4 1 5 43
1044 59 F 1 5 5 3 1 4 4 4 45
1046 60 M 2 5 2 3 3 4 1 1 46
1048 63 M 2 1 2 4 3 4 1 1 41
1050 37 M 1 1 3 4 3 5 4 5 45
1052 44 F 3 1 3 2 1 4 1 4 47
1054 45 F 3 5 1 2 2 5 1 2 49
1056 36 M 3 3 2 4 3 5 1 4 59
1058 37 M 3 3 2 4 3 5 1 4 59
1060 73 M 2 5 2 1 1 5 1 3 47
1062 74 M 2 1 3 1 1 5 1 2 42
1064 52 M 2 5 4 1 1 5 1 5 47
1066 53 M 2 1 1 1 1 5 1 3 40
1068 57 F 1 3 3 5 3 4 4 4 48
1070 59 F 1 5 3 5 3 4 3 4 48
1072 69 M 2 3 2 4 3 4 1 5 47
1074 64 M 2 5 4 2 2 4 1 5 52
1076 65 M 2 1 3 3 2 4 1 4 46
1078 53 M 2 3 3 2 2 5 3 3 50
1080 78 F 3 1 4 2 2 5 1 2 49
1082 50 F 2 3 3 4 3 5 3 4 54
1084 50 F 2 1 3 4 4 5 4 5 55
1086 31 M 2 1 3 3 2 4 1 1 41
1088 43 F 2 5 4 4 4 3 1 4 53
1090 43 F 2 1 4 4 2 4 1 5 48
1092 43 F 2 1 4 3 2 4 1 5 47
1094 69 F 3 1 4 4 3 4 2 5 54
1096 70 F 3 5 4 4 4 4 2 5 59
1098 66 M 1 3 3 3 2 4 1 2 39
1100 66 M 2 5 1 3 2 4 1 2 46
1102 66 M 2 3 1 3 2 4 1 2 44
1104 63 F 2 1 4 4 3 4 2 5 52
1106 63 M 2 5 3 3 2 5 4 1 48
1108 88 M 3 1 3 2 1 4 4 5 52
1110 88 M 3 1 2 1 1 5 2 3 49
1112 88 M 3 5 1 2 1 5 4 3 56
1114 58 F 1 5 2 2 1 5 4 2 45
1116 58 F 2 3 2 1 1 5 4 2 43
1118 53 F 2 3 1 4 2 4 4 1 44
1120 53 F 2 1 3 4 2 4 2 4 45
1122 41 F 2 1 4 4 3 4 1 5 51
1124 50 F 3 1 4 2 2 4 1 5 53
1126 53 F 3 1 3 4 2 4 1 1 46
1128 55 M 2 1 3 3 2 4 1 2 43
1130 55 M 2 5 3 3 2 4 1 2 47
1132 73 M 1 1 3 4 3 4 1 2 36
1134 63 M 1 1 3 4 4 5 1 5 46
1136 63 M 1 5 4 4 3 5 2 5 50
1138 58 M 3 1 3 1 1 5 2 2 49
1140 58 M 3 5 3 1 1 5 3 2 52
1142 58 M 3 1 3 1 1 5 2 2 48
1144 83 M 2 5 3 2 2 5 1 2 48
1146 33 F 1 1 3 2 1 3 1 5 38
1148 33 F 1 5 3 2 1 4 1 4 42
1150 63 M 3 5 2 2 1 5 4 2 60
1152 63 M 3 3 3 2 1 5 4 1 57
1154 57 F 3 3 2 3 3 4 1 2 58
