1040 61 M 1 2 2 2 1 0 1 3 12
1066 53 M 2 1 1 1 1 5 1 3 15
1128 55 M 2 1 0 3 2 4 1 2 15
1132 73 M 1 1 3 4 3 0 1 2 15
1062 74 M 2 1 3 1 1 5 1 2 16
1038 56 F 2 2 2 4 2 0 1 4 17
1086 31 M 2 1 3 3 2 4 1 1 17
1146 33 F 1 1 3 2 1 3 1 5 17
1006 48 M 3 5 1 2 2 3 1 1 18
1024 39 M 1 3 1 1 1 5 1 5 18
1026 78 F 1 3 3 1 2 5 1 2 18
1036 67 M 3 1 2 3 2 3 1 3 18
1046 60 M 2 2 2 3 3 4 1 1 18
1048 63 M 2 1 2 4 3 4 1 1 18
1054 45 F 3 2 1 2 2 5 1 2 18
1070 59 F 1 2 3 5 0 0 3 4 18
1092 43 F 2 1 4 3 2 0 1 5 18
1102 66 M 2 3 1 3 2 4 1 2 18
1110 88 M 3 1 2 1 1 5 2 3 18
1116 58 F 2 3 0 1 1 5 4 2 18
1138 58 M 3 1 3 1 1 5 2 2 18
1142 58 M 3 1 3 1 1 5 2 2 18
1148 33 F 1 2 3 2 1 4 1 4 18
1004 53 M 2 1 3 2 2 4 1 4 19
1016 36 F 3 1 3 0 2 4 1 5 19
1032 55 M 3 1 0 4 3 5 1 2 19
1052 44 F 3 1 3 2 1 4 1 4 19
1098 66 M 1 3 3 3 2 4 1 2 19
1114 58 F 1 2 2 2 1 5 4 2 19
1126 53 F 3 1 3 4 2 4 1 1 19
1130 55 M 2 2 3 3 2 4 1 2 19
1144 83 M 2 2 3 2 2 5 1 2 19
1020 56 M 1 2 4 1 1 5 1 5 20
1060 73 M 2 5 2 1 1 5 1 3 20
1076 65 M 2 1 3 3 2 4 1 4 20
1080 78 F 3 1 4 2 2 5 1 2 20
1100 66 M 2 5 1 3 2 4 1 2 20
1140 58 M 3 2 3 1 1 5 3 2 20
1008 55 M 2 2 3 2 2 4 1 5 21
1012 43 M 1 2 2 2 2 5 3 4 21
1064 52 M 2 2 4 1 1 5 1 5 21
1112 88 M 3 2 1 2 1 5 4 3 21
1118 53 F 2 3 1 4 2 4 4 1 21
1150 63 M 3 2 2 2 1 5 4 2 21
1154 57 F 3 3 2 3 3 4 1 2 21
1010 55 M 2 2 3 2 2 5 1 5 22
1028 61 F 2 5 3 3 2 4 2 1 22
1106 63 M 2 2 3 3 2 5 4 1 22
1120 53 F 2 1 3 4 2 4 2 4 22
1124 50 F 3 1 4 2 2 4 1 5 22
1152 63 M 3 3 3 2 1 5 4 1 22
1022 38 M 1 5 2 2 1 5 3 4 23
1078 53 M 2 3 3 2 2 5 3 3 23
1090 43 F 2 1 4 4 2 4 1 5 23
1108 88 M 3 1 3 2 1 4 4 5 23
1030 62 F 2 2 3 4 2 4 4 3 24
1042 58 F 1 1 4 5 4 4 0 5 24
1044 59 F 1 2 5 3 1 4 4 4 24
1072 69 M 2 3 2 4 3 4 1 5 24
1088 43 F 2 2 4 4 4 3 1 4 24
1122 41 F 2 1 4 4 3 4 1 5 24
1134 63 M 1 1 3 4 4 5 1 5 24
1014 35 F 3 2 4 4 2 3 2 5 25
1056 36 M 3 3 2 4 3 5 1 4 25
1058 37 M 3 3 2 4 3 5 1 4 25
1074 64 M 2 5 4 2 2 4 1 5 25
1104 63 F 2 1 4 4 3 4 2 5 25
1018 43 F 1 2 3 5 5 4 1 5 26
1050 37 M 1 1 3 4 3 5 4 5 26
1094 69 F 3 1 4 4 3 4 2 5 26
1136 63 M 1 2 4 4 3 5 2 5 26
1068 57 F 1 3 3 5 3 4 4 4 27
1082 50 F 2 3 3 4 3 5 3 4 27
1002 53 M 2 2 4 4 4 4 5 3 28
1084 50 F 2 1 3 4 4 5 4 5 28
1096 70 F 3 2 4 4 4 4 2 5 28
1034 56 M 3 2 4 5 5 4 1 5 29
